0.7576247767447144 0.09747812879421698 0.4749777636559462 0.943513090704877 0.20433011158003161 0.09729510870415764 -0.06343366869017832 0.08306272198484657 -0.1759801011168455 0.8094920781079533 -0.5398270277242987 0.7636907521380092 0.8179153856629545 1.0 
-0.06726154090263729 0.6841203928324325 -0.5589634799873321 -0.3527634491875361 0.2681606267539829 0.20534482880678157 0.6359546909599549 0.25782858773194367 0.6145244268053631 0.0882054661076635 0.5221656112366343 0.5260627379860305 -0.06835471770786816 -0.09136847545412145 
-0.2505510842201434 0.6664727174952262 0.11184587244641708 0.2959192021014677 -0.1113056278178845 0.0073918930341449925 0.2032972865781826 -0.4726923756700418 0.7065408841964642 0.2565273101180757 0.4999106010278115 0.32282292926908107 0.6318255653133295 0.9768144748189451 
0.3440589230077624 0.5824403556577114 0.5825589811859748 0.3785887624141712 -0.7214492925533338 -0.15203543937349348 -0.7224478411682007 -0.5089278088138214 0.20201921645298537 -0.783015344080898 -0.3824011365020391 -0.6546008382576527 0.5072187820252647 0.08074644345666143 
-0.23436647174770442 0.47143460661797754 -0.1406049678228477 -0.6609874867627509 0.8503339658468094 0.20784936603106088 0.14791377760798766 -0.1065299384954698 -0.048165383151468885 -0.09825763754680629 -0.2941830836959595 0.08899783275483407 0.10655971808205142 0.5715663273732652 
0.7883609458440219 -0.20355190823578345 0.9505237816418559 0.3327286096713057 -0.055763007147018734 0.8324596974678674 -0.3102230106241053 -0.05566982889383421 0.2547675863118851 0.7057397283014274 -0.25152147241289746 -0.35728209975896125 0.28132289378244557 0.931068720583027 
0.847290929437154 0.6261238288996547 -0.14524686348823435 0.47711385885164614 -0.07250587417718238 -0.7566792982888388 -0.2923260434728212 -0.9038139217400649 0.5414206547653514 0.3767727204903006 -0.43787383624991355 -0.6865602293371345 -0.23003903686304844 0.25859152346632897 
-0.47476926622476295 -0.09741551265179445 -0.24048922459035593 -0.6494566138102417 0.2455565306045333 -0.5113485216609355 -0.21056950876337038 0.8467005600370894 0.9750699634042579 0.07688717198571507 0.003375937773988725 0.854350009755057 -0.09766689521657732 0.20921509905875002 
-0.7696406790704949 -0.8083705396630028 -0.6289818095871036 0.3070975169141616 -0.7177091326619622 0.5998087759925536 -0.22781973214894558 0.011342679326903424 -0.8105449044997552 -0.8142550929257539 1.0 0.7903521390737326 -0.047195345993058205 -0.8897499587284322 
-0.3179058530510763 -0.6208671669373405 -0.08087004712209746 -0.5797838996274784 -0.2554696810183723 -0.18373172083703398 -0.42499371607548575 -0.017956505259052236 -0.1900174012309411 0.43256364049368806 -0.37773106712100957 0.9811266649541425 -0.10754481713922229 -0.5961838298203588 
-0.33776036857064473 0.009212534742993845 -0.2709524534322145 0.12444772765446949 -0.5888821319388248 0.7659675333787235 -0.6354771901761592 -0.177552292560996 -0.023153262016851493 0.5994853702198066 -0.21884953931283468 0.008647149776401223 0.11203057369779658 0.2140647521005369 
-0.6470742492956393 0.2199598947746992 0.17559354597174293 -0.06565304469500399 0.9074024876598312 -0.09420010189421497 0.657689287290729 0.6049977824865029 -0.49689395163817174 0.5770375756224895 -0.061871063676306313 0.40689048901407093 -0.2255735297374664 0.9529422839834809 
-0.39076734900006116 -0.9612896446322294 -0.9945978421765334 0.39419668963178256 0.7990054296206706 -0.4092114864257208 0.3026929222665218 -0.7173660632228394 0.17754804253496986 0.5383927832323097 -0.17129241337238016 0.5065994562655035 -0.27702884016408946 0.9506912686590017 
0.2713470370464479 0.6087654252734293 -0.9264102037206963 -0.22036048667236902 0.6211290892457462 -0.5484176341267742 -0.4506610648287904 -0.18730155643343033 0.5027815146114261 -0.983245891935521 0.09243449468844178 0.415821557699827 -0.19309202105430262 -0.3234835579904808 
#
-0.344897077688362 0.09075155751276887 0.3738976403392749 -0.8905272712868434 -0.6102707046628263 0.6224461194483364 -0.5102843984990537 -0.20352091560126448 -0.30949992708703544 0.8651168448146225 -0.8940532406495185 -0.7974904287111954 0.09357029475711784 0.9865549454225866 0.25474391712487643 0.28786229256828694 0.5092276675101708 0.20050111721558336 0.9254341773895158 0.07684350704877266 
-0.25290147103815386 0.8777863849015837 -0.1797191657093798 -0.35478085947770777 0.7045199762896268 -0.05628820052543568 -0.0560934858622292 -0.23200481550166405 -0.8919824105136309 -0.7477527739106001 0.6191675571183002 0.4049556778053981 0.13559403657419758 -0.9261953642281553 -0.23489965999173296 -0.9171545400481259 -0.4980045215628951 0.3239111795007418 -0.252434653073226 -0.702909145878908 
0.5745228515508571 0.10381129894499264 -0.9652979319817763 -0.15066942335112177 -0.6647991739582018 0.6465833166285639 0.5406027823799346 0.805590154890413 -0.04041420725792219 -0.1486243561359623 -0.6605293896493645 0.24132587947278705 -0.17352263881854826 0.5566754892610868 -0.9763224960111181 -0.24519614619911737 0.8807429798682245 -0.9763684014678264 -0.47986630755637827 0.9342629725184062 
-0.4691870175807016 0.5063060574714708 0.44730551301731003 0.9370997653358045 0.0020541339935692027 0.530923598858117 0.07989645746262358 -0.44528593058020016 -0.41717459220763325 -0.010923585193389292 -0.21106301785935885 0.6602349211591962 -0.1491366903468172 -0.4042492963223596 -0.1970971156032329 0.37002290795731013 -0.013685706713297755 0.2625654020172009 0.4860260913704628 -0.6290970011515644 
-0.3224731588488108 -0.4113441016384689 -0.49170859052018984 -0.31406757543602715 0.6057732058277772 -0.5931289182122614 -0.8125416901211316 -0.05265185703767302 -0.25505818245554207 -0.40270694189636974 0.19863129829939316 -0.5119768229044316 0.23185526599644307 -0.5565118730909697 -0.5477068891277362 -0.8014499663249564 0.49979157850555744 -0.5473574648404406 0.6596929309762569 -0.9722559866779749 
0.10868907839075526 -0.40253818191306956 -0.666563900981197 0.9214815169521041 0.9562387334563568 -0.40517396435461295 0.12484076422200492 0.7002245371099095 0.10601272248617458 0.9998963749433272 0.40376453678634977 0.09967474262672038 0.7347143845827923 -0.41666798987972054 -0.6600687756585691 -0.3809004297958158 0.6411940848798242 0.092104622967624 -0.04843408996933704 -0.5468701613208222 
0.20467302266894516 -0.25969077713559874 0.47717008841374886 -0.22746000991014748 -0.11703137023086234 -0.995063614129504 -1.0 0.3063530619453913 0.051746882819898005 0.7595289075253969 0.007942398086751665 -0.4535284671073221 0.861549435037369 0.5141739210929244 -0.36813347214575753 -0.9589042050759982 0.3911088451991659 0.5856283983437146 -0.42452508611347217 -0.5765848078388742 
-0.2663124147022671 -0.26158286806686104 -0.7348541701395013 0.09610387070297288 0.12099179627022319 -0.005306332318231177 0.025958840711793496 0.1748448032656948 -0.46161978901059164 0.7395042819431222 -0.535970939334057 -0.1230224404187823 0.7161373728050003 -0.7167482955307198 0.9119190189866241 -0.15770299469129806 0.31081026605671824 0.7487419738540629 -0.6690780805740344 -0.5074317101109762 
0.8468280759873039 0.2527741265257218 -0.5706313667692063 0.0019497605375297861 -0.33884229871437616 0.5683898069173491 0.21560003772822942 -0.3012162913689549 0.7125050656281833 -0.4807169018042492 0.4575759148469093 0.36117463876473654 0.6848879433350616 -0.46340942261151685 0.9385493842018007 -0.9709970744160775 0.39771010105778787 0.44540100183056125 -0.4037897030948565 -0.8297348020781727 
-0.33695840697395685 0.15701168440293722 -0.8893211835592589 0.6885226274017899 -0.012074392541355007 0.47941275504873115 -0.5182634300515696 0.7845880644972466 -0.4930512739435724 0.3215245040510143 0.9376786192776498 0.6157667362272957 -0.8248696069428029 0.5846052456185156 0.9072116244368759 0.500153433972121 -0.6916076631714557 0.5702355027429381 -0.32493139609377586 -0.023437842744845425 
0.3532473709473527 -0.07240818325683396 0.8903261152338435 -0.8353962603468317 -0.8533534063553214 0.09691287295889525 0.4306273599850976 -0.8393418660795917 -0.17079008998940778 -0.006695312257679703 -0.4036608960319542 -0.36304594200027007 -0.18002681259101178 0.7714989989897814 -0.8045197427867294 0.7582991468369191 -0.39834232894861865 0.41873316086503204 -0.4914507790249525 -0.8952525516213059 
-0.5917567049642918 -0.8424271409795683 0.4415089613665447 -0.460648989716199 -0.13180877665063215 0.7640391785946257 0.24982682097391992 0.9926679575281221 0.17973718380243048 0.6288076212998036 -0.8253559557671257 -0.056380274126117465 -0.4307238687908852 -0.7093892852205212 -0.18020183964768532 0.4356182437785779 0.4204988979838139 0.7839321429204302 -0.30437854430425815 -0.4705253261705036 
0.11292133836393625 -0.21830840209577096 -0.172352932158037 -0.4409892066869976 -0.0186950201089041 0.6154244157061529 -0.19743531567528352 0.5072104258739347 -0.20078608913776216 0.09586457974263157 0.6818443513560806 0.6529853539273474 -0.13898972136204962 -0.4961243501554453 0.8252143224612412 -0.003418672014489562 -0.8716698500188291 0.2188016240797097 -0.739979457921212 0.22154465232417916 
-0.8502966925772131 -0.6732097124639153 0.46131154285196346 -0.9320702808405077 -0.6900380823279224 -0.5109806515554545 0.9983010144549738 -0.31832680042615136 0.04502634847465995 -0.7064859295013582 0.03667503022352102 -0.2179788892038754 0.04038598463786717 -0.19791731550158043 -0.3413855940027327 0.44594998156023724 0.7279723488534955 -0.507591856616023 -0.34244552947998397 0.8300051857805376 
#
-0.019139105519407007 0.7935406421091027 -0.333401983023043 0.07340650161393136 0.3518086788216779 -0.8543241474209562 0.22646386799826457 0.9847490378595964 0.7644019516149365 0.7289680380522676 
-0.7950842340170934 -0.017069435158504787 0.24863211495717386 0.09883975623474234 0.8755694256988231 -0.48379260658985584 0.933784465770576 -0.7691531151326934 0.09472027011336626 0.7187295187886362 
0.3757832231276774 -0.23608207843700904 0.6188064876723574 -0.6805824662064892 -0.0766630778459606 -0.2858617114116584 -0.6128776804993588 -0.32460684014282615 -0.05879854070695009 -0.7630788175928702 
0.8484937105254867 0.28142273169946597 0.25730276828295406 0.10922605865304658 -0.24939182775539367 0.07679922207293222 -0.8142444653912301 -0.7936562310948903 0.18436947676464033 -0.5235299274062017 
-0.6182276168966664 -0.6389505483608429 -0.7791389994533078 0.6272934900535301 -0.7790066215665636 -0.221482715449681 -0.5944677317731409 -0.19281719237771014 0.6724106653652018 -0.1695543534182119 
-0.4954389396236759 -0.5979630509891779 0.07769171979241474 -0.17812992242970843 -0.6800436781947634 0.3246418583788002 -0.9510815103385983 -0.18098180335735606 -0.836391224115905 0.7898643321637511 
-0.8072671612455345 -0.8460732269459201 -0.7828390705764312 0.6443869452408055 -0.6658552262152115 -0.850746862119245 -0.4378134059945815 -0.395739597842263 0.20388855102147063 -0.4069786590433295 
0.5691309051450022 0.16357525926875413 0.05773286637383382 0.13035798205530616 0.44217936740843244 -0.9222063380292703 -0.5952882942675181 0.3102320784330646 -0.7969231085554231 0.14542566269646018 
0.2926136283314703 0.431623640562497 -0.6203098227684598 0.26700049964754297 -0.8791105332291103 -0.3032040300539815 -0.6193983284161999 -0.3906640359153012 0.3963505325668546 0.6491604885715634 
0.9931591792934075 -0.1320222749871564 0.4352780443585109 0.6773517586453895 -0.15001288282130681 -0.24008082533112332 -0.006869691827125082 -0.4941459442558792 0.013699183845535388 -0.7196594793692757 
0.516780430486689 0.5895039600671887 0.49274929789656885 0.6097486440529014 0.5469696236289989 0.41903837285757156 0.8662249076543925 0.45779183713180427 -0.8085781714553493 0.07274152388177813 
0.6435158989675883 0.04411410445176306 -0.8992089857850535 -0.9851762047988597 -0.7251894347487915 -0.42992030182371516 0.4409348006374805 0.8743828746424293 0.7132705141494005 -0.4996581855797917 
-0.3690098891805141 -0.37012361716426334 0.7776655634243805 0.8224555590050919 0.2795564001401577 0.17321687714044298 0.7396708377357812 -0.8252893670044719 -0.7613111032711837 -0.14661031594159535 
-0.821067253361546 0.351416686811562 0.541124874094973 -0.8117063299102161 -0.7338137775870774 -0.7078317531663822 -0.8886687094347496 -0.579581286714685 0.3417364023900642 -0.22009780485687636 
-0.30451989938778407 -0.6278612863822437 0.97498131031335 0.6687521254919875 -0.007648432423341027 -0.17892215344296852 -0.7607158375615596 -0.1601256331650266 0.43307666236557485 -0.11834190956163781 
0.6897113713895658 0.538285458420602 -0.656211255827176 -0.5275848951999569 0.5842306876345199 0.7338152151491141 -0.5300501425291418 0.0012261808699472235 -0.13858366529738653 0.23147845261455802 
-0.967587819732602 0.8382411916837346 -0.8715086282388447 0.6376582814166114 0.6077564753353476 0.6988605094515644 0.9523384294073871 -0.4092484041087454 -0.5111668993893141 -0.5061578597960041 
0.7584838515422476 -0.2882113424642949 -0.369793049864774 -0.026544542748860863 0.7059747897207532 0.7589028515382117 0.30422438644272076 0.35309881863300396 -0.4883861312327722 -0.9831344123424106 
0.2652216603456843 -0.25452576278703276 0.6496896841346036 0.5816433774193168 0.25551009640310873 0.25117764404698906 -0.059789513834504676 -0.10872172825003812 -0.13414277319435508 0.009837829883789138 
0.24687234287141038 0.7939779347190461 -0.5084357566680362 -0.1884533345425733 0.2393571929384544 -0.3992484804000509 0.35138084670473224 0.6008821254397524 -0.7672368970941954 -0.42745110360612437 
#
-0.5717472935182459 
0.0877070263140754 
-0.5645847080530643 
1.0 
-0.13127286983218028 
-0.8580689773322892 
-0.9574729330812097 
-0.8222322943293009 
-0.4737197868783476 
0.8863200308478976 
#
